1051
1156
1271
1399
1538
1692
1862
2048
2253
2478
2726
2999
3298
3628
3991
4390
4830
5313
5844
6428
7071
7778
8556
9412
10353
11388
12527
13780
15158
16674
18342
20176
22193
24413
26854
29539
32493
35743
39317
43249
47574
52331
57565
63321
69653
76619
84280
92709
101979
112177
123395
135735
149308
164239
180663
198730
218603
240463
264509
290960
320056
352062
387268
425995
468595
515454
567000
623700
686070
754677
830145
913159
1004475
1104923
1215415
1336957
1470653
1617718
1779490
1957439
2153183
2368501
2605351
2865887
3152475
3467723
3814495
4195945
4615539
5077093
5584803
6143283
6757612
7433373
8176710
8994382
9893820
10883202
11971522
13168674
14485541
15934095
17527504
19280254
21208280
23329108
25662018
28228220
31051042
34156148
37571764
41328940
45461832
50008016
55008816
60509696
66560664
73216728
80538400
88592240
97451464
107196608
117916272
129707896
142678688
156946560
172641216
189905344
208895872
229785456
252764000
278040384
305844416
336428864